2
10

  107    79   195    61   156   132   259    86   131    67 

    0    10    98    32    21    47   113    42     4     8 
   18     0    50    24     8    26   179    75    33    14 
   10    66     0    24    70    20   191    74    61    11 
   78    42   158     0   106   121   119   101   147    22 
   70    85    31    11     0   105   140     6   114    25 
   72    27    43    50    81     0   147    18    76    18 
   39     1   127    79    37    20     0    81    69    53 
   21    68   183    76    64    28    92     0    83    65 
   20    19     3    77    89    75   197    38     0    41 
   48     2   117    28    64    83   139    84   105     0 
