2
10

   78   146   172   150   118    88   217   175   187   117 

    0    19   127    61     8    18   142    13    33    37 
   49     0    17    43    75    41   112     8    34    81 
   33    43     0    47    47     3   214    97    38    12 
   11    47    69     0    17    32    30    12    58   111 
   32    47     7    49     0    67   178    32    76    13 
   28    17    87    94    37     0   191    26    32    62 
    3    41   169    37    79    62     0    39   111    11 
  110    21    94    13    25    61     3     0     6    24 
   76    75    53    21   145   131   141    18     0    15 
    2    52    67    78    14    33    89    34    55     0 
