3
15

  172   120   324   278   181   231   286   211   297   108   174   134   192   104   196 

    0    65    69    18    48    92   144    96    20    15   111    39    59   125   150 
   13     0    28    17    32     7   216    63    14    25   134    60    19   114    55 
   83   176     0    50   153    65   185     7   107    92   167    12    44    67    88 
   88   141    96     0    76    44    56    86    30   236   161     9   199   171   240 
   57    93    10    21     0   120   211    21   135    21   138    69    18   141    59 
  151   104    28     3   170     0   155    90   159    64   120   176    74   100    41 
   30    50   223    64   106   100     0    53   152    32    84   153    51    32    76 
  135    28   106    19     9    70    22     0     2    23    61    18    80    91    22 
  145   163    80    49   251   225   141    84     0    91    68   208    88    71    11 
   49    13   124    66    52    59   146    80    98     0    51   112    51    41    28 
  109    80   317    57   145   177    28    98   191    15     0   230     2    68    95 
    1    46   178   153    22    79   305    59    45    86   270     0    76   250   191 
   79    91    88   113    29    35    43    61    17   135    16    18     0     6    75 
  193   130   287     3   218   227   150   198   264    45     2   280    82     0    35 
   32    21   216   158    44    76    14    37    90   116   117   129    79   127     0 
