4
15

  243   165   280   231   123   189   249   130   218   188   222   350   144    99   102 

    0   136     2    53   119   163    73   167    91    86    40   110   130    54   221 
   58     0    17    28    77    38   171    18    31    70    89    15    64    69    10 
   39   132     0    94   109    21   229    37    63    48   211    32     1   111   132 
   41    94   143     0    29     3     9    39    17   189   114    56   152   124   193 
    1    35    48    79     0    62   269    79    77    37   196    11    40   199   117 
  109    62    70    45   128     0   197    48   117    22   162   134    32   142    83 
   67    87   260    27   143   137     0    16   189     5    47   190    14     5    39 
   54    53   187    62    72    11   103     0    83    58   142    63     1   172   103 
   66    84     1    30   172   146   220     5     0    12   147   129     9   150    68 
   31    93    44   146    28    21    66     1    18     0    29    32   131    39   108 
   61    32   269   105    97   129    20    50   143    63     0   182    46   116   143 
  217   170    38    63   238   295    89   157   261   130    54     0   140    34    25 
   31    43   136    65    19    13    91    13    65    87    32    66     0    42    27 
  198   135   292     8   223   232   155   203   269    50     7   285    87     0    30 
  126    73   310    64   138   170   108   131   184    22    23   223    15    33     0 
