4
15

   37   264   325    95    67    73   310   142   263   108   247   224   165    97   205 

    0    70   204   153    87    43   279    39   115   120   246    96    76   260    15 
  157     0   116   127   176   137    72    81   130   169    10    84   163    30    89 
   84   177     0    49   154    66   184     8   108    93   166    13    45    66    87 
   95    42   279     0   107   139   127    97   153    53    22   192    16    12    57 
   57    21   104   135     0     6   325   135    21    93   252    45    96   255   173 
    7    54   186   161    12     0   313    68     1    94   278    18    84   258   199 
    6    26   199    88    82    76     0    77   128    56   108   129    75    56   100 
   66    41   175    50    60     1    91     0    71    46   130    51    11   160    91 
  111   129    46    15   217   191   175    50     0    57   102   174    54   105    23 
   49    13   124    66    52    59   146    80    98     0    51   112    51    41    28 
   36     7   244   130    72   104    45    25   118    88     0   157    71   141   168 
   91    44    88    63   112   169   215    31   135     4   180     0    14   160   101 
   52    64   115    86     2     8    70    34    44   108    11    45     0    21    48 
  200   137   294    10   225   234   157   205   271    52     9   287    89     0    28 
   23    30   207   167    35    67     5    28    81   125   126   120    88   136     0 
