3
15

   88   161   389   199   147   155   280   246   211    51   132   145   188   211   258 

    0    19   153   102    36     8   228    12    64    69   195    45    25   209    66 
   54     0    13    24    73    34   175    22    27    66    93    19    60    73    14 
  148   241     0    15   218   130   120    72   172   157   102    77   109     2    23 
    9    62   175     0     3    35    23     7    49   157    82    88   120    92   161 
   23    59    24    55     0    86   245    55   101    13   172    35    16   175    93 
   75    28   104    79    94     0   231    14    83    12   196   100     2   176   117 
   36    56   229    58   112   106     0    47   158    26    78   159    45    26    70 
  170    63    71    54    44   105    13     0    33    58    26    53   115    56    13 
   59    77     6    37   165   139   227     2     0     5   154   122     2   157    75 
  106    44   181     9   109   116   203   137   155     0   108   169     6    98    29 
  151   122   359    15   187   219    70   140   233    27     0   272    44    26    53 
   12    35   167   142    33    90   294    48    56    75   259     0    65   239   180 
   75    87    92   109    25    31    47    57    21   131    12    22     0     2    71 
   86    23   180   104   111   120    43    91   157    62   105   173    25     0   142 
   30    83   154   220    18    14    48    25    28   178   179    67   141   189     0 
