4
29

  187   158   231   270   289    71   297   112   228    89   267   336    95   149   228    71   282    49   259   127    87    66   263   176   299   220   174   239   238 

    0    80    54     3    63   107   129   111    35    30    96    54    74   110    41    58   161    89     1    37   122   154     3   120    34    18    79   142    20 
   51     0    10    21    70    31   178    25    24    63    96    22    57    76    17    18   107    41    24    91   116   120   113    12    93    53    33    19    79 
   10    83     0   143    60    28   278    86    14     1   260    81    49   160   181   118   191   125   124    27    49   204   186    61   193   115   106    42   154 
   80   133   104     0    68    36    48    78    22   228   153    17   191   163   232   149   118   184   202   200   133   119    31   135   133    28   105    42    65 
  165   201   118    87     0   228   103    87   243   129    30   177   126    33    49    57    25     2    51   134   224    77    11   114    18   232    69   168   192 
    9    56   188   163    10     0   315    70     1    96   280    16    86   260   201   155   291   225   161    93    14   304   178    76   230    47   117    11   114 
   19    39   212    75    95    89     0    64   141    43    95   142    62    43    87   110    16    31   143    15    24     1   129    48   202   140   107    17   138 
   36    71   205    80    90    29   121     0   101    76   160    81    19   190   121    14   232   177    65   104    29   234     4    55    78   133    69    31   131 
   76    94    11    20   182   156   210    15     0    22   137   139    19   140    58    50   132   105    56    27   117   184    93     7   125   156    38    96   117 
   68     6   143    47    71    78   165    99   117     0    70   131    32    60     9    43   104    38    11    61     6   104   152    42    80   111    72   100    74 
   16    13   224   150    52    84    65     5    98   108     0   137    91   161   188   106   102   126   172    80    13   164    12    52   150    92    51    41    55 
  203   156    24    49   224   281   103   143   247   116    68     0   126    48    11    57    79    13    51   119   198    92    26   136    18   167    95   224    98 
   18     6   185    16    68    62   140    36   114    38    81   115     0    91    22    20   136    70    14    10     3   135    89    21    55   113     9    63   111 
  148    85   242    42   173   182   105   153   219     1    43   235    37     0    80    42    90   114    24    18   106   105   160    96    20   178    97   186   139 
    1    53   184   190    12    44    18     5    58   148   149    97   111   159     0   106   106   172   172   120    53   115    12    52   103    52    51    38    15 
   58   105   278    50   161   155   116    27   207    61    90   208     4   120    51     0   173   107     5    89    90   164    47     9    21   206    16    84   204 
   66    17   140   130    32    80    31    62    78    89   117   133    51   223   160    38     0   216   104    84     4   205    80     5    54    76    17    98    37 
  227   150   307    37   238   247   217   240   284    78    92   300   116    14     7   129    17     0    63    83   171    30   247   183   132   243   184   265   204 
   71    77    96   191    21    27   105    82    25   159   164    26   178   134   203   193    81   147     0   131    92    90    80   139   190    24   138    46    22 
   23    60    77    57    28    37   155    89    74    99    60    90    42    40    19    33    71     5     1     0    39    84   142    32    70    45    62    55     8 
   22    45    95    50    22     2   234    54    24     8   167    51     5   168    88    74   199   133    80     1     0   212   142    17   149    23    62    10    21 
  275   212   369    85   300   309   232   280   346   127    37   362   164    22    47   169    11    13   103   145   233     0   287   223   147   305   224   313   266 
   79     8   154    24    37    14    95   155    58    22    16    47    79    46    23   145    99    33    84     6    34    90     0   142   101    82   183    74    79 
  109    30   116    41     1    29    73   119    45    45    39    24   102    69     1   114   111    56    56    17    72   113    55     0    22    44   135    83    42 
   78    48   125   162     8     2   204   109    54   130   182    55   149   130   174   207    71   118   230   102    63    86   137   145     0    53   152    52    51 
   51   115   104    22   163   102   217    25   148    20   139    51    12   107    60    57   138    72    63    48   110   151   125     1   132     0    45    42   181 
   66    17   163     9    46    14    16   131    92    13    42    67    70    72     3   119   125    59    53    15    25   116    94   133    27    91     0    50    89 
  194   100    34    11   118   179    75   158   107    50    69   127    81    96    27    84   141    75    26    57   142   140    50   146     8    61   115     0    40 
   71   159   161    33   141    53   197     5   127    75    84     1    32    50     5    37    81    15    43   103   130    94   104    20   112   199    25    39     0 
