4
29

  204   250   358   184    78   292   318   212   170   117   212   123   208   120   114   239   210   186   126    68   173   286   130    75   214    85   244   120    93 

    0    97    37    14    80   124   112   128    52    47    79    71    91    93    24    75   144    72    16    54   139   137    20   137    17    35    96   159    37 
  143     0   102   113   162   123    86    67   116   155     4    70   149    16    75    74    15    51    68   183   208    28    21   104     1   145    59   111   171 
  117   210     0    16   187    99   151    41   141   126   133    46    78    33    54     9    64     2     3   154   176    77    59    66    66   242    21    85   281 
    6    47   190     0    18    50    38     8    64   142    67   103   105    77   146    63    32    98   116   114    47    33    55    49    47    58    19    44    21 
   46    10    93   124     0    17   314   124    32    82   241    34    85   244   162   154   236   209   160    77    13   288   222    97   229    21   142    43    19 
  212   165    33    58   231     0    94   151   220   125    59   237   135    39    20    66    70     4    60   128   207    83    43   145     9   174   104   232   107 
    2    18   191    96    74    68     0    85   120    64   116   121    83    64   108   131     5    52   164    36     3    20   150    69   223   119   128     4   117 
  136    29   105    20    10    71    21     0     1    24    60    19    81    90    21   114   132    77    35     4    71   134   104   155    22    33   169   131    31 
   18    36    47    78   124    98   268    43     0    36   195    81    39   198   116   108   190   163   114    31    59   242   151    51   183    98    96    38    59 
   40    22   115    75    43    50   137    71    89     0    42   103    60    32    37    15    76    10    17    89    22    76   124    14    52    83    44    72    46 
   71    42   279    95   107   139    10    60   153    53     0   192    36   106   133    51    47    71   117    25    42   109    67     3    95   147     4    96   110 
   10    57   189   164    11    68   316    70    34    97   281     0    87   261   202   156   292   226   162    94    15   305   187    77   231    46   118    11   115 
   95   107    72   129    45    51    27    77     1   151    32     2     0    22    91   133    23    43   127   123   116    22    24   134    58     1   104    50     2 
  177   114   271    13   202   211   134   182   248    29    14   264    66     0    51    71    61    85     5    47   135    76   189   125    49   207   126   215   168 
  114    61   298    76   126   158    96   119   172    34    35   211     3    45     0     8     8    58    58     6    61     1   126    62    11   166    63   152   129 
  110    63   110   118     7    13    52   141    39   107    78    40   164    48   117     0     5    61   173    79    78     4   121   177   147    38   184    84    36 
  138    55   212    58   104   152   103   134   150    17    45   205    21   151    88    34     0   144    32    12    76   133   152    77    18   148    89   170   109 
   90    13   170   100   101   110    80   103   147    59    45   163    21   151   130     8   120     0    74    54    34   107   110    46     5   106    47   128    67 
   62    56   229    58   112   106    28    51   158    26    31   159    45     1    70    60    52    14     0     2    41    43    53     6    57   157     5    87   155 
   82     1   136     2    87    96   214   148   133    40   119   149    17    99    40    92   130    64    60     0    20   143   201    91   129   104   121   114    67 
  108   131     9    36   108    88   148    32    62    78    81    35    81    82     2    12   113    47     6    85     0   126    56    69    63    63    24    76    65 
   55     8   149   135    80    89    12    60   126    93   183   142    56   242   173    51   209   207   117    75    13     0    67     3    73    85     4    93    46 
   54   141   287   109   170   119    38    22   191   111   149   180    54   179   110    12   232   166    49   139    99   223     0     9    32   215    50    59   212 
    8    71   217    60   100    72   174    18   146    56   140   125     1   170   101    13   212   157    45    84    29   214    46     0    79   145    34    18   143 
    7    37   210    77    93    87   119    24   139    45    97   140    64    45    89   122    14    33   145    17    22     1    52    60     0   138    67    33   136 
   84    20    31   157    28    33   352   160    13   115   274    84   123   242   195   192   273   207   198    87    25   286   260   135   267     0   180    93    46 
  136    53    93    79    24    56    54   201    22    83    28     3   140     2    67   189    55    11   123    55    95    46   164   203    97    21     0   120    19 
   75    19   153   108     1    60   194    39    12    69   188     8    38   215   146    35   260   194    93    62    23   259    69    27   127    58     4     0    79 
   74    14    16   112     4    92   342   150    18    70   229   145   113   195   150   182   226   160   188    42    15   239   249   125   257    54   170   106     0 
