6
29

  159    89   300    76   142   295   135   129   117   172   106   193   183   174   148   270   301    85   235   180   152   178   272   218   336   318   249   263   332 

    0    52    82    31    35    79   157    83     7     2   124    26    46   138    69    30   189   117    29     9    94   182    25    92    62    10    51   114     8 
   18     0    59    48     1    38   247    94    45     6   165    91    12   145    86    87   176   110    93    22    47   189   182    57   162    16   102    50    10 
   59   152     0    74   129    41   209    17    83    68   191    12    20    91   112    49   122    56    55    96   118   135   117     8   124   184    37    27   223 
  114    61   298     0   126   158   146   116   172    34    41   211     3    31    38    45    76    10     8     6    61    75   163    59    61   166    89   152   129 
   18    54    29    60     0    81   250    60    96    18   177    30    21   180    98    90   172   145    96    13    77   224   158    33   165    85    78    21    45 
  215   168    36    61   234     0    91   154   223   128    56   240   138    36    23    69    67     1    63   131   210    80    46   148     6   177   107   235   110 
  181   201   374    87   257   251     0    98   303   119    67   304   100   119    75    52   178   131    19   147   186   163    33   114    40   302    55   179   300 
   53    54   188    63    73    12   104     0    84    59   143    64     2   173   104    31   215   160    48    87    12   217    21    72    61   116    86    48   114 
   35    17   100   131    71    45   321    96     0    89   248    28    92   251   169   161   243   216   167    84     6   295   204   104   236    45   149    15     6 
   15    77    60   130    12     5    82    16    34     0    13    48   115    23    92    40    21    45    72   144    77    21    69    41     3    28    11    17     9 
  177   148   385    11   213   245    96   166   259    53     0   298    70     1    27    55    59    35    11    81   148     3   173   109    11   253   110   202   216 
   60    13   119    94    81   138   246     1   104    27   211     0    17   191   132    86   222   156    92    24    55   235   117     7   161    24    48    81    45 
   70    82    97   104    20    26    52    52    26   126     7    27     0     3    66   108    48    18   102    98    91    47     1   109    33    25    79    25    23 
  123    60   217    67   148   157    80   128   194    25    68   210    12     0   105    17   115   139    49     7    81   130   135    71     5   153    72   161   114 
   80    27   264   110    92   124    62    85   138    68    69   177    31    79     0    26    26    92    92    40    27    35    92    28    23   132    29   118    95 
  141    94    79   149    38    44    83   172     8   138   109     9   195    79   148     0    26    92   204   110   109    35   152   208   178     7   215   115     5 
   47    36   121   149    13    61    12    43    59   108   136   114    70   242   179    57     0   235   123   103    15   224    61    14    73    57     2    79    18 
  191   114   271     1   202   211   181   204   248    42    56   264    80    50    29    93    19     0    27    47   135     6   211   147    96   207   148   229   168 
   47    53   120   167     3     3    81    58    49   135   140    50   154   110   179   169    57   123     0   107    68    66    56   115   166    48   114    22    46 
   30   113    24   110    25    16   102    36    21   152     7    37    95    13    72    20    18    48    52     0    92    31    89    21    17     8     9     2    45 
   87   110    30    15    87    67   169    11    41    57   102    14    60   103    23     9   134    68    15    64     0   147    77    48    84    42     3    55    44 
  163   100   257    27   188   197   120   168   234    15    75   250    52   134    65    57   101    99     9    33   121     0   175   111    35   193   112   201   154 
   88     1   145    33    28    23   104   164    49    31     7    38    88    37    32   154    90    24    93     3    43    81     0   151   110    73   192    83    70 
  151    72    74    83    43    71    31   161     3    87     3    18   144    27    42   156    69    14    98    59   114    71    97     0    64     2   177   125     1 
  115    85    88   199    29    35   241   146    17   167   219    18   186   167   211   244   108   155   267   139   100   123   174   182     0    16   189    89    14 
  149   213   202    76   261   200   119    73   246   118    41   149   110     9    38    41    40    26    35   146   208    53    27    98    34     0    53   140   279 
  141    58    88    84    29    61    59   206    17    88    33     8   145     3    72   194    50    16   128    60   100    41   169   208   102    16     0   125    14 
  218   124    10    35   142   203    51   182   131    74    45   151   105    72     3   108   117    51    50    81   166   116    74   170    16    85   139     0    64 
  165   253   255   127   235   147   103    89   221   169    10    94   126    44    89    57    13    79    51   197   224     1    10   114    18   293    69   133     0 
