6
29

  134   145   352    89   256   139   122   150   118   122   383   117   111   155   328   240   296   167   258    84   107   330   109   234   167   276   235   205   151 

    0    27   107    56    10    54   182    58    18    23   149     1    21   163    94     5   214   142    54    16    69   207    50    67    87    35    26    89    33 
   38     0     3     8    57    18   191    38    11    50   109    35    44    89    30    31   120    54    37    78   103   133   126     1   106    40    46     6    66 
  111   204     0    22   181    93   157    35   135   120   139    40    72    39    60     3    70     4     3   148   170    83    65    60    72   236    15    79   275 
  101    48   285     0   113   145   133   103   159    47    28   198    10    18    51    32    63     3    21    19    48    62   150    46    48   153    76   139   116 
  132   168    85    54     0   195   136    54   210    96    63   144    93    66    16    24    58    31    18   101   191   110    44    81    51   199    36   135   159 
   59    12   120    95    78     0   247     2    67    28   212    84    18   192   133    87   223   157    93    25    54   236   110     8   162    21    49    79    46 
  194   214   387   100   270   264     0   111   316   132    80   317   113   132    88    65   191   144    32   160   199   176    46   127    27   315    68   192   313 
   74    33   167    42    52     9    83     0    63    38   122    43    19   152    83    52   194   139    27    66     9   196    42    93    40    95   107    69    93 
   34    16    99   130    72    46   320    95     0    88   247    29    91   250   168   160   242   215   166    83     7   294   203   103   235    46   148    14     7 
   35    27   110    80    38    45   132    66    84     0    37    98    65    27    42    10    71     5    22    94    27    71   119     9    47    78    39    67    41 
  100   129   108   266    64    32   181   111    18   224     0    21   207   277   304   222   218   242   288   196   129   280   104   168   266    24   167    75    61 
   16    63   195   170     5    62   322    76    28   103   287     0    93   267   208   162   298   232   168   100    21   311   193    83   237    52   124     5   121 
    2    10   169    32    52    46   124    20    98    54    65    99     0    75     6    36   120    54    30    26    19   119    73    37    39    97     7    47    95 
  142    79   236    48   167   176    99   147   213     6    49   229    31     0    86    36    96   120    30    12   100   111   154    90    14   172    91   180   133 
  100   153    84   290    88    56   118    95    42   248   249     3   211   259     0   206   206   272   272   220   153   215    88   152   203    48   151    62    85 
  111    64   109   119     8    14    53   142    38   108    79    39   165    49   118     0     4    62   174    80    79     5   122   178   148    37   185    85    35 
   52    31   126   144    18    66    17    48    64   103   131   119    65   237   174    52     0   230   118    98    10   219    66     9    68    62     3    84    23 
  109    32   189    81   120   129    99   122   166    40    26   182     2   132   111    11   101     0    55    35    53    88   129    65    14   125    66   147    86 
   70    76    97   190    20    26   104    81    26   158   163    27   177   133   202   192    80   146     0   130    91    89    79   138   189    25   137    45    23 
   66    17   120    14    71    80   198   132   117    56   103   133     1    83    24    76   114    48    44     0     4   127   185    75   113    88   105    98    51 
   42    65    75    30    42    22   214    34     4    12   147    31    15   148    68    54   179   113    60    19     0   192   122     3   129     3    42    10     1 
   11    52   105   179    36    45    32    16    82   137   227    98   100   286   217    95   253   251   161   119    31     0    23    41   117    41    40    49     2 
   75   162   308   130   191   140    59     1   212   132   170   201    75   200   131     9   253   187    70   160   120   244     0    12    53   236    29    80   233 
  167    88    58    99    59    87    15   177    13   103    19    34   160    11    58   172    53     2   114    75   130    55   113     0    80    14   193   141    16 
   54    84   257    30   140   134    72    23   186     2    50   187    17     2    42    75    61    14    98    30    69    46     5    13     0   185    20    80   183 
  107   171   160    34   219   158   161    31   204    76    83   107    68    51     4     1    82    16     7   104   166    95    69    56    76     0    11    98   237 
  127    44   102    70    15    47    45   192    31    74    19     6   131    11    58   180    64     2   114    46    86    55   155   194    88    30     0   111    28 
  160    66    68    23    84   145   109   124    73    16   103    93    47   130    61    50   175   109     8    23   108   174    16   112    42    27    81     0     6 
   16    72    74    54    54    34   284    92    40    12   171    87    55   137    92   124   168   102   130    16    43   181   191    67   199   112   112    48     0 
