5
40

   56    77    65    41    66    38   117    86    16    26    75    89    49    53    25    20    64    61    58    27    27    34    26     4    54    48    80    71    42    51    16    70    73    66    13    73    38    12    38    30 

    0    10    27    16    26    23     8    13     4     1    48     9    41    56    26    30    13    39    25    35    27    51    37    28    15    16    23    14    15    20    41    46    26    42    43    43    35    32    39    35 
   10     0    12    27    17    20    72    18    36    36    86    48    67    74    18     4    27    17     7    20    37    13    26    15    25    42    53    47    13    38    22     4    71     1     1     1     8    12     5    10 
   36     1     0     4    14    10     3    34    16    16    61    24    59    75    14    11    43    51    44    20    36    40    28    14     1    35    41    32     1    14    44    40    25    25    27    28    20    18    25    22 
    1    63    19     0    30    34    61    11    20    12    25    11    30    48    31     2    39    12     6     9    27     2    12    28    30    10    11     1    17    28    13     3    10    14    13    13    22    25    18    22 
   36    28    15    55     0    62    26    18     7    14    10    27    10    28    63    35     4    23    25    25     8    32    22    62    51    10     7    18    15     6    22    39     7    49    48    49    57    60    53    57 
    5    59    16    31    34     0    57    11    21    14    34     3    36    54    34     5    35     8     4     5    23     1     8    32    25    15    17     7    14    24     9     7    18    18    17    17    25    29    21    26 
   52   112    55    14    24    21     0    25     7     7    45     7    27    35    23    45    71    60    36    61    80    56    67    26    15     2    12     6    53    78    65    46    29    41    41    40    33    29    36    32 
   43     9    55    33    38    36     5     0    67    68    28     4    37    55    40    19    35    47    73    22    28    44    27    37    24    16    18     8     2    10    40    52    21    40    42    43    39    41    44    43 
   44    97    32    45    42    43    93     2     0     7   100    71   115   134    40    65    51    40    14    65    60    43    60    44    55    96    97    86    83    78    48    35    41    44    42    41    43    41    39    39 
   30    87    22    27    25    26    83     8    17     0    82    53    97   116    23    50    42    28     3    51    49    30    47    27    37    79    79    68    69    65    35    21    24    29    27    26    27    24    24    23 
   29    88    51     8     1     2    87    39    41    33     0    36    30    13     1    16    71    44    37    32    56    33    39     2    11    20    33    33    29    50    43    28     4    15    17    17     8     6    13     9 
   23    36     1    59    50    54    35     7     1     9    50     0    43    23    50    35    18     8    12    19     3    19    13    50    64    55    60    70    20     1     9    23    30    37    35    35    43    46    38    42 
   48    95    75    22    27    25    95    74    82    74     4     3     0    28    29    26    91    64    67    43    70    53    51    27    13    23    30    19    31    56    61    51    52    36    38    39    31    31    37    34 
   59    98    87    36    41    39    99    88    97    89     9    12    32     0    43    35   100    75    81    50    78    63    59    40    26    13    15     4    35    61    70    63    68    48    50    50    44    44    49    47 
    4    70    25    15    22    21    68    20    31    24    51    13    53    71     0     8    45    18    13    17    33     8    20    19     8    32    34    24    28    36    19     2    31     7     6     7    14    18    11    16 
    6    52    33    18    10    12    51    46    61    56    71    33    55    68    13     0    45    20    34     3    23     9     4     7    12    30    39    32     1    13    15    13    69     1     2     4     4     8     6     8 
   21    14    42    16     6     9    18    13     3     4    82    43    76    89     6     1     0    36    21    12    38    25    22     5    19    50    58    49     6    14    34    21    48     7     9     9     1     1     6     2 
   44     1    47     7    18    14     4    22     4     6    58    19    52    67    17    20    33     0    35    30    40    49    38    19     4    28    35    25     9    22    53    44    29    32    33    33    25    23    30    26 
   27    26    37    10    17    15    22    45    27    28    54    18    58    76    19     3    15    32     0     6    11    29    11    17     2    36    40    29    13     5    24    36    12    22    25    26    20    21    26    24 
    6    29    17    23    13    16    28    36    54    50    80    42    65    76    15    10    24     3    24     0     1     4    17    10    19    39    49    42     6     8     3     3    72     1     1     1     5     9     4     7 
    1    12     1    41    30    34     9    31    49    48   104    65    92   104    31    16     1     6    19     1     0     1     8    28    41    67    76    68    18     2    12     7    82    14    13    14    22    25    18    22 
   29    29     9     9     1     2    26     7    25    22    74    36    68    82     1     4     4    22     5    11     8     0    16     2    11    43    50    41     8     1    23    24    51    16    17    17     8     5    13     9 
    7    25    10    27    17    20    23    32    50    47    88    49    74    86    19     1    15     3    20    16     7     8     0    15    26    49    58    51     3     8    10     1    74     1     1     2     8    13     6    10 
   23    88    46     8     1     1    86    44    56    49    73    34    72    89     1    23    65    38    37    33    51    27    37     0    10    49    53    43    43    52    38    22    58    10    11    11     2     1     7     3 
   13    48    11    43    39    41    47     7    17     9     9    29     8    25    37    21    29     2     1     7    14     8     1    39     0    12    10    21     3    11     1    13     6    26    25    24    33    34    27    31 
   24    71    52     3     7     5    71    54    64    57     6    14    22     8     9     2    66    41    46    18    46    29    27     5     6     0    35    32     7    32    37    28    43    13    15    16     9    10    15    12 
    1    50    26    27    21    24    49    24    33    25    38    51    61    42    20    20    42    16    18     3    23     4     4    22    36    67     0    69    12    11    13     2     6    12    10    10    17    18    12    14 
    1    53    26    29    23    25    52    23    31    23    29    52    41    22    21    18    42    15    16     1    24     4     6    23    38    55    60     0     8    14    13     1     5    13    11    10    18    19    13    16 
    1    21    23    16     9    10    21    41    57    53    62    26    38    46    11    21    28     9    29    21     3     1    12     5     8    13    25    21     0    16     2     7    67     1     1     1     2     6     3     6 
   15    12     1    18     8    11    12    24    43    40    74    36    54    63    10    17     1    12    12    32    26    15    33     5    14    29    40    34    25     0    20     6    66     7     6     5     1     4     1     2 
    1    38     4    38    27    31    35    29    48    45   102    64    94   107    28    19    13     8    17     7     1     5     1    26    39    69    77    68    28    14     0     3    78    12    10    11    19    22    15    19 
   60     3    45    32    43    39     1    36    19    22    33     4    30    46    43    36    27    53    48    40    36    60    43    43    29     6    12     2    20    25    51     0     5    54    57    57    49    47    55    51 
    9    75    17    21    14    16    73     8    16    22     2    14    28    48    16    16    39    17     2    26    36    12    27    10    12    18    13     3    36    44    21     2     0     1     1     1     6    10     5     8 
   52    12    26    39    49    46    10    20     5    10    24    14    19    35    48    44     9    37    30    40    24    48    38    51    38     4     1     8    25    22    37    50     7     0    63    62    58    54    60    56 
    1    64    24    14     4     7    62    30    45    40    79    40    74    90     5     9    41    14    20    13    27     3    14     2    16    50    56    46    28    31    13     1    60    10     0    11     4     1     7     3 
   60     5    36    45    56    52     3    30    15    20    19    19    15    30    55    48    18    45    41    45    31    56    44    57    43     8     3    12    29    27    45    60     1    69    71     0    64    61    68    64 
   17    47     6    19    29    25    45     8    21    15    45     7    42    59    27    13    24     2     1     5    11    12     3    31    17    19    24    14     6    12     2    17    28    30    29    29     0    33    32    33 
   12    77    34     3     6     3    75    32    45    38    69    31    68    85     5    16    53    26    24    24    40    16    27     7     7    46    50    39    36    43    26    10    50     1     1     1     7     0     4     8 
   21    44     1    15    25    21    42     3    17    12    50    12    48    64    24    11    19     7     6     6     7    17     5    26    11    25    30    20     7    11     7    23    29    32    32    33    32    30     0    33 
    9    57    12    11    21    18    54    12    25    19    54    16    53    70    21     1    31     4     3     4    19     5     6    22     7    30    35    25    18    23     5    11    34    20    20    21    25    26    25     0 
