5
40

   55   112    36    82    60    78    31    17   109    32    86    44    72   122    28    66    29    20    44    85    70    86    89    32    44    21    89    72    50    86    98    79    99    73    74    38    72    30    73    40 

    0    11    26    15    25    22     9    12     5     1    49    10    42    57    25    29    12    38    24    34    26    50    36    27    14    17    24    15    14    19    40    45    27    41    42    42    34    31    38    34 
   45     0    47     7    17    14   107    16     1     1    51    13    32    39    16    39    62    52    27    55    72    48    61    19     9     7    18    12    48    73    57    39    36    33    34    33    26    22    29    25 
    7    28     0    24    14    18    25     5    12    12    90    53    88   104    14    17    14    22    15     8     7    11     1    14    29    64    70    61    29    14    15    11    54     3     1     1     8    10     3     6 
   42    22    21     0    71    75    20    29    20    28    15    52    10     7    72    43     2    28    34    31    13    38    28    69    71    30    29    40    24    13    27    44    30    55    54    54    63    66    59    63 
   30    34     9    49     0    56    32    12     1     8    16    21    16    34    57    29    10    17    19    19     2    26    16    56    45     4     1    12     9     1    16    33     1    43    42    43    51    54    47    51 
   45    19    23    71    74     0    17    28    18    25     5    43     3    14    74    45     4    31    35    34    16    41    31    72    65    24    22    32    25    15    30    47    21    58    57    57    65    69    61    66 
   33    26    30    71    61    64     0    60    78    78   131    93   113   121    62    40    14    25    49    24     5    29    18    59    70    88    98    92    32     7    20    39   115    45    44    45    52    56    49    53 
   25    78    13    35    30    32    74     0     1     1    97    64   106   124    28    49    33    21     4    46    41    24    41    31    44    85    87    77    66    58    28    16    47    28    26    25    29    27    24    25 
   49     4    60    47    50    49     1    90     0   100     7    21    22    41    52    27    42    52    78    28    32    49    32    48    37     3     4     6     9    15    45    58    52    48    50    51    49    51    53    53 
   24    81    16    21    19    20    77    14    23     0    76    47    91   110    17    44    36    22     2    45    43    24    41    21    31    73    73    62    63    59    29    15    18    23    21    20    21    18    18    17 
   18    77    40    19     9    13    76    28    30    22     0    47    41    24     9     5    60    33    26    21    45    22    28     9    22    31    44    44    18    39    32    17    15     4     6     6     2     5     2     1 
   21    81    45    14     5     9    80    37    43    35     5     0     1    21     5     9    63    36    32    25    48    26    31     5    19    10    15    25    24    43    36    21    14     8     9     9     1     1     6     2 
   25    72    52     1     4     2    72    51    59    51    27    26     0    51     6     3    68    41    44    20    47    30    28     4    10    46    53    42     8    33    38    28    29    13    15    16     8     8    14    11 
    9    29    18    32    27    29    30    19    28    20    60    56   101     0    25    33    31     6    12    18     9     5     9    28    42    82    84    73    33     7     1     5     1    21    18    18    24    24    19    21 
    1    67    22    18    25    24    65    17    28    21    48    10    50    68     0     5    42    15    10    14    30     5    17    22    11    29    31    21    25    33    16     1    28    10     9    10    17    21    14    19 
   40     6    12    27    35    33     5     1    15    10    25    12     9    22    32     0     1    25    11    49    22    36    41    38    33    15     6    13    45    32    30    32    23    44    43    41    41    37    39    37 
   14    20     7    51    41    44    16    21    38    39   117    78   111   124    41    36     0     1    13    22     3     9    12    40    54    85    93    84    41    20     1    14    83    27    25    25    33    36    28    32 
    3    39     6    33    23    26    36    18    36    34    99    60    93   108    23    20     7     0     5    10     1     8     2    22    36    69    76    66    31    18    12     3    70     9     7     7    15    18    10    14 
   13    40    23     3     3     1    36    31    13    14    68    32    72    90     5    10     1    18     0     7     2    15     2     3    11    50    54    43    27    19    10    22    26     8    11    12     6     7    12    10 
   64    28    40    34    44    41    29    21     4     8    22    15     7    18    42    68    33    54    33     0    57    62    75    47    38    18     8    15    64    66    61    55    14    59    58    57    52    48    53    50 
   41    30    41     1    12     8    33    12     6     5    61    22    49    61    11    26    44    49    23    42     0    44    51    14     1    24    33    25    24    45    55    36    39    28    29    28    20    17    24    20 
   81    22    61    42    52    49    25    44    26    30    22    16    16    30    52    56    47    74    57    63    60     0    68    54    40     8     1    10    43    50    75    76     1    68    69    69    60    57    65    61 
   70    38    52    35    45    42    39    30    12    15    25    13    11    23    43    64    47    66    42    79    70    71     0    47    36    13     4    12    59    71    73    62    11    61    61    60    54    50    56    52 
    4    60    18    19    28    26    58    16    28    21    45     6    44    61    26     4    37    10     9     5    23     1     9     0    17    21    25    15    15    24    10     5    30    17    16    16    25    27    20    24 
    3    58    21    33    29    31    57    17    27    19    19    19    18    35    27    11    39    12    11     2    24     1     8    29     0     2     1    11     6    21    11     3    16    16    15    14    23    24    17    21 
   51    98    79    30    34    32    98    81    91    84    33    12     4    18    36    29    93    68    73    45    73    56    54    32    20     0     8     5    34    59    64    55    70    40    42    43    36    37    42    39 
    9    41    17    36    30    33    40    15    24    16    47    60    70    51    29    29    33     7     9    12    14     4     4    31    45    76     0    78    21     2     4     6     2    21    19    19    26    27    21    23 
    1    52    25    30    24    26    51    22    30    22    30    53    42    23    22    19    41    14    15     2    23     3     5    24    39    56    61     0     9    13    12     1     4    14    12    11    19    20    14    17 
    9    13    15     8     1     2    13    33    49    45    54    18    30    38     3    29    20     1    21    29     4     7    20     2     1     5    17    13     0    24     5     1    59     9     8     6     5     1     4     1 
   50    47    35    17    26    23    47    10     8     5    39     1    19    28    24    52    36    47    22    67    61    50    68    29    20     5     5     1    60     0    55    41    31    42    41    40    35    30    36    32 
   83    43    77    43    54    50    46    52    34    36    20    18    12    25    53    62    68    90    64    74    83    87    82    55    42    12     4    13    53    67     0    79     3    69    71    70    62    59    67    62 
   69     6    54    41    52    48     8    45    28    31    24    13    21    37    52    45    36    62    57    49    45    69    52    52    38     2     3     6    29    34    60     0     3    63    66    66    58    56    64    60 
   16    49     8    47    40    42    47    34    42    48    28    40     2    22    42     9    13     8    28     1    10    13     1    36    38     7    12    22    10    18     4    23     0    25    25    27    32    36    31    34 
   59     5    33    46    56    53     3    27    12    17    17    21    12    28    55    51    16    44    37    47    31    55    45    58    45    11     5    15    32    29    44    57     1     0    70    69    65    61    67    63 
   61     3    36    46    56    53     1    30    15    20    18    20    13    29    55    51    19    46    41    47    33    57    46    58    45    10     4    14    32    29    47    61     1    71     0    72    65    61    68    64 
   25    40     1    10    21    17    38     4    19    14    54    15    50    65    20    13    16    10     6    10     3    21     9    22     8    26    32    22     5     7    10    25    34    34    36     0    29    26    33    29 
   51    13    27    53    63    59    11    25    12    18    11    26     8    25    61    47     9    36    34    39    22    46    37    65    51    14     9    19    27    21    36    51     5    64    63    63     0    67    66    67 
    6    59    16    14    24    21    57    14    27    20    51    13    50    67    23     1    35     8     6     6    22     1     9    25    10    28    32    21    18    25     8     7    32    18    17    18    25     0    22    26 
   56     9    33    50    60    56     7    31    17    23    15    22    13    29    59    46    15    42    41    41    27    52    40    61    46    10     5    15    27    23    42    58     5    67    67    68    67    65     0    68 
   19    47     2    21    31    28    44     2    15     9    44     6    43    60    31    11    21     5     6     5     9    15     3    32    17    20    25    15     8    13     4    21    24    30    30    31    35    36    35     0 
