5
52

  740   819   727   583   330   764   301  1002   678   122   949   374   604   898   300   525   967   955   405   320   784   912   977   306   393   434   164   329   518   216   354   595   519   327   287   754   828   405   738   392   233   561   374   324   925   335   958   730   896   440   807   575 

    0    74   459   344   449   414    99   313   140   179   301    85   235   381   441   480   310   578   435   530   453   694   559   465   330    11    59    33   334   380   594   649    87   605   618   615   532   500   574   531   345   174   276   586   500   460    51   473   676   523    49   480 
  153     0   170   228   126   159   774   137   316   314   820   440   621   697   139    95   324   224    24   255   427   183   309   103   210   373   483   425   184   429   278    89   670    37    42    34    39    78     9    51    77   716   305    74     4    40   332    91    91   223   603   897 
  446    78     0   123   218   184   116   419   241   240   540   164   521   673   222   190   510   592   520   286   438   486   366   221    74   279   341   243    76   223   518   482   176   333   353   359   280   265   335   300   480   177   170   293   507   174   345   222   439   264   268   757 
  187   464    21     0   479   513   443    58    28    49    80   289   128   314   483   199   217    51   108    82    98   146    45   458   474    67    56   166     3   107    42   212    66   316   308   312   393   428   353   395    38   367   338   276   172   352    77   446   238   105   186   326 
   39   615   179   226     0   295   594   141   254   183   431    52   439   614   305    21   370   100    71    77   247     2   107   298   180   222   254   149   180   264   107    60   260   167   159   164   243   279   203   245   150   518    63   118     1   159   344   283    88    57   170   654 
  438   214   221   694   729     0   193   272   168   241    38   415    20   159   724   435    29   298   336   329   152   396   295   707   640   231   205   312   236   140   292   459   196   567   558   563   643   678   602   644   260   117   504   523   404   582   102   693   487   350   299   191 
  340   256   310   725   623   656     0   617   795   795  1326   944  1139  1221   634   413   150   261   506   251    61   308   190   600   711   889   997   936   336    85   211   400  1159   459   453   461   535   574   503   546   557   225   794   426   488   543   856   589   401   284  1104  1414 
  575    46   694   477   531   510    84     0   819   822   143   190   232   412   549   341   495   621   876   366   422   587   415   515   386    21    47    61   171   243   545   663   357   547   567   580   541   556   588   580   938   146   643   472   815   403   134   507   619   358   142   428 
   78   457   192    67    94    82   418   495     0   595   488   196   639   829   117   140     8   113   370   132    85    85    89    72    36   448   457   346   320   262    38   168   108    71    89   103    82   106   120   123   439   358   288     8   317    56   579    60   127   137   205   809 
  439  1011   365   412   391   401   974    58    39     0   961   670  1115  1306   368   642   564   426   169   648   629   438   613   416   517   928   933   823   828   790   497   349   379   430   414   399   412   384   378   370   122   910   186   510   207   548  1063   428   385   650   678  1282 
   92   690   318   286   188   223   678   196   217   134     0   562   506   329   187    34   512   241   175   127   365   137   195   179   318   408   532   531    93   302   238    82   243    43    29    29   114   139    64   103   231   603   160    36   119   162   244   174    51    94   664   550 
  281   885   517    80     8    25   871   438   500   418    13     0    78   279    14   164   704   433   395   320   553   326   384    14   129    39    91   192   314   501   426   277   210   146   161   162    77    56   129    91   462   796   110   152   331    27   143    17   243   289   186   245 
  371   836   644   107   165   140   836   630   713   633   161   152     0   398   180   155   796   533   565   316   591   416   404   156    16   350   419   310   201   452   500   400   406   250   270   277   203   200   259   232   644   767   327   218   494    92   280   152   355   281    64   325 
  223   618   502     1    46    25   624   516   609   530   278   245   692     0    64    14   636   383   443   137   415   267   229    33    99   502   524   414    11   248   341   263   318   112   133   141    73    77   128   106   525   559   227    68   370    49   533    27   216   102   153   579 
    1   658   205   200   275   260   635   153   261   190   462    88   484   662     0    32   400   132    88   125   286    39   151   244   136   271   299   192   233   312   143    30   269   124   119   125   197   239   167   210   164   560    58    69    20   104   396   228    54   106   197   695 
  265   199    12   141   216   196   189   136   293   239   390    13   234   359   193     0   126   117    24   360    90   228   276   247   199    19    73     1   324   188   168   194   372   314   296   282   281   241   260   243   116   115    45   393    49   369    14   263   243   395   185   498 
  537   472   750   167   267   232   516   460   297   281   494   111   433   567   267   316     0   695   546   455   714   584   549   276   133   182   259   169   260   475   671   537   153   406   422   424   340   317   391   352   524   559   194   388   530   259   221   280   505   423   230   682 
  793   360   820   423   525   489   393   574   390   407   235   148   182   326   523   547   683     0   697   649   750   839   726   535   392    65     5    88   438   570   875   792    52   665   682   684   599   575   650   610   625   462   414   640   727   514     9   539   765   626    26   426 
  100   438   198    70     4    23   402   279    97   114   719   364   764   936    17   144    16   147     0   107    56   115    56     5   146   540   580   474   306   228    73   185   296    54    75    87    34    39    86    69   313   337    37    15   330    99   640    10   138   117   438   977 
  110   244   121   181    87   115   232   316   490   450   756   374   600   715   105   155   192    14   192     0    41    96   226    58   147   346   442   371   110   131    84    20   670    63    58    45     3    46     6    28   281   157   318   126   130    25   360    45    56   285   539   866 
  497   392   495   103   207   172   422   204    21    33   530   143   411   529   198   349   531   579   323   505     0   533   597   226    99   157   247   168   325   542   634   444   314   368   378   373   292   257   331   288   259   494    51   382   351   254   174   235   440   471   288   673 
  866   276   671   475   580   544   303   497   319   352   174   212   108   253   573   615   529   796   622   688   661     0   737   594   457   138    68   159   483   559   808   815    59   732   747   745   661   631   706   663   534   377   424   713   679   586    80   601   818   675    80   354 
  796   467   616   439   540   508   486   390   210   242   167   219    31   150   526   728   559   748   516   883   790   802     0   565   455   223   131   207   681   798   825   710    25   702   704   694   628   587   651   611   432   562   336   741   570   620   203   576   733   850    63   294 
   31   616   200   181   274   249   595   181   300   232   464    82   454   625   250    28   385   114   104    72   252    12   106     0   159   231   270   166   172   261   115    43   315   164   153   155   239   261   191   227   186   519     8   122    32   166   347   290    76    52   209   676 
   17   636   260   284   243   269   619   223   321   246   238   148   227   406   229    67   441   170   158    74   292    62   129   246     0    19    42    64   116   261   163    16   213   118   103   101   186   202   132   167   235   543    39   107    88   220   158   245    20    46     1   442 
  295   758   572    82   118    99   756   589   692   616   107    99   180    38   137    72   715   456   511   232   507   340   320   103    22     0   308   275   125   371   419   332   483   180   201   210   142   146   196   175   595   686   322   141   438    20   248    97   285   197    62    91 
  635  1138   904   363   420   395  1134   885   971   891   253   119    21   210   435   434  1062   796   821   598   867   680   682   412   271    38     0    54   510   748   767   659   698   510   530   536   460   456   516   489   899  1062   587   483   750   355   128   408   615   562   246   262 
  378   915   641    88   150   123   908   612   695   616    89   147    35   155   163   197   807   538   550   362   623   424   441   143     1   170   219     0   301   524   515   396   438   250   269   274   195   188   251   221   627   834   312   230   480   100    15   141   354   327     8   185 
  112   117   133    62     8    10   119   313   480   432   524   170   287   369    15   317   189     1   193   308    59    89   222    40     9    41   156   112     0   258    73    26   578   116   102    87    74    34    59    37   284    53   253   196   126   169     5    56    70   327   353   564 
  144   174   288   474   378   408   170   543   724   696  1035   659   840   930   396   121   276   169   417    27    26   137    37   351   438   589   696   637    44     0    89   231   957   223   225   237   293   336   278   316   497    99   600   167   367   265   566   337   207     1   828  1114 
  208   187   145   187    83   118   158   103   286   265   833   446   750   885    89     3    58   274    22   118   204   250   202    67   202   499   577   490    91    49     0   164   594    73    86    83     1    32    44     1    55    85   229    69    61    62   542    60   156    92   582  1002 
  504   135   350   224   325   290   106   256    85   124   436    56   409   566   325   264   165   432   375   295   255   498   328   332   186   171   228   130   103   148   405     0   164   444   465   472   392   374   447   409   284    33   201   388   444   283   250   334   545   289   172   643 
  308   970   384     2    71    49   941   126    51    18   187    65   491   697    50   378   601   384   182   471   579   334   483   102    87   398   343   248   577   654   429   240     0   215   213   201   150   106   160   123   185   868   154   280   169   228   576   117   245   455    44   570 
  192   455    67    60   164   130   433   128   280   225   579   193   527   683   151   116   234    37    24    70    89   147    52   185    52   287   347   252    75   112    46   176   407     0   306   293   251   212   268   235   115   357    55   247    51   166   370   194   222    83   329   766 
  165   490    87    12   116    81   467   148   302   249   633   248   587   744   106    58   258    14    43    25   119   122    14   134     3   348   407   311   129   154    19   157   445   266     0   272   201   166   234   194   134   391    89   191    31   105   431   141   202    35   381   825 
  629    31   386   483   588   553     8   332   179   233   166   218   127   285   579   511   211   483   436   479   343   587   471   603   462   110    54   151   323   301   483   631    34   720   739     0   669   639   711   669   346    68   390   643   511   563    24   609   673   488    89   362 
  620    30   381   638   741   707     8   367   232   294     7   377    21   143   725   584   201   472   457   505   336   577   479   761   621   252   204   304   384   319   474   625   159   752   742   743     0   785   772   787   370    68   501   698   531   689   152   768   662   523   247   208 
  165   492    57   250   354   319   470    41   167   101   405    25   399   570   344   121   245    25    39    39   122   124    15   360   214   175   215   112    79   147    19   184   220   290   284   290   362     0   329   370    44   394   119   232   111   241   286   356   214    57   146   621 
  572    90   346   508   611   576    66   324   180   238   147   235   125   288   605   473   162   433   419   424   285   532   412   623   477   108    58   158   279   244   428   590    59   679   685   695   682   662     0   695   331     9   414   602   494   552    12   625   623   436   112   354 
  183   478    35   204   307   272   455    30   163   100   454    73   444   612   302   110   223    47    56    44   104   143    26   313   166   217   261   158    89   140    39   206   250   300   299   307   351   357   349     0    29   379    99   230   129   213   322   311   235    58   193   668 
  162   663    14   312   247   271   625   169     6    11   947   603  1015  1190   231   408   210    97   141   368   292   145   312   259   395   796   830   723   569   480   176    78   471   209   188   175   225   216   174   188     0   563   169   279    67   360   900   266   126   379   663  1220 
    5   458    11   389   287   320   485   295   475   471   991   609   810   896   299    79   153    68   181    84   271    26   146   264   375   559   665   602    10   246   122    67   826   123   117   125   199   238   168   210   235     0   461    90   160   208   532   253    66    51   768  1084 
   90   750   183   129   107   114   721    15    16    66   415   110   557   751   132   196   399   167     6   264   359   114   267    76    20   382   377   267   397   442   209    20     9     8     2    10    47    88    50    81    28   648     0    81    37    63   530    61    26   252   130   723 
  170   421   110    17   112    83   403   206   362   308   589   202   498   642    93   192   255     9    96   130    78   125    88   140    38   251   323   235     2    59    39   117   475   244   228   213   194   151   188   162   188   327   131     0    23   193   316   154   167   149   354   747 
  685   102   705   514   594   565   136   738   564   596   143   220   173   343   605   449   488   697   850   475   492   692   518   587   444    53    11   116   281   342   632   774   237   649   669   682   628   631   681   662   759   204   588   578     0   495    45   582   729   468   135   390 
   55   524   218   104   164   153   509   264   399   335   452    66   361   514   139   179   373   106   169    40   195     9    22   195   162   119   184    94    14   146    81    23   412   174   153   144   196   171   149   156   258   434   102   204    95     0   205   210    70    69   229   606 
  167   193   114   298   284   296   199   178   299   227   253   441   634   593   262   419   230    12    87   278     1   126   184   305   407   772   666   614   435   176    62   113   137   261   240   228   282   267   232   244   175   135    54   318    12   418     0   316   162   312   276   360 
  463   180   225   593   683   659   160   235   112   180    45   339    26   195   658   468    43   314   315   365   181   419   329   714   582   199   158   260   268   177   316   469    94   597   584   585   670   681   617   649   231    84   417   560   387   605    88     0   505   387   207   250 
  832   168   608   551   654   619   194   513   345   389   104   279    63   218   650   614   434   706   629   632   552   802   652   666   523   177   117   213   448   473   698   846   132   791   811   815   730   705   781   739   537   269   496   739   700   631   100   671     0   631   154   301 
  223   156    23    38    53    26   145   204   375   332   603   223   445   560    34   310   104   111    82   405   127   203   313    82     1   191   286   216   249   225   178   134   534   196   188   174   135    92   138   106   172    70   186   265    17   174   206    97   175     0   390   711 
   18   615   188   410   307   342   598    53    76     7   522   619   267    62   310    97   390   122    36    52   265    25   107   292   414   311   397   470    64   237   129    40   332   151   139   142   226   256   181   222    89   522   303   129    17   243   125   284    65    23     0   182 
  645  1141   909   334   409   380  1140   855   912   829   176    44   296   256   420   448  1074   806   807   611   882   691   696   407   260    50   149    61   507   755   781   663   514   518   537   541   461   451   517   485   878  1070   522   496   740   366    23   405   622   576    50     0 
