5
52

  644   932   286   527   537   248   919   362   439  1119   389   385   281   969   646   209   668   295  1002   665   985   341   746   385   545   648   969   854   260   287   954   841  1173   290   576   800   828    73   812    84   442   761   813   413   299   408   484   453   955   144   908   869 

    0    22   363   248   353   318     3   217    44    83   397    11   331   477   345   384   214   482   339   434   357   598   463   369   234    85   155    63   238   284   498   553   183   509   522   519   436   404   478   435   249    78   180   490   404   364   147   377   580   427   145   576 
  266     0   283   115    13    46   887    24   203   201   707   327   508   584    26   208   437   337    89   368   540   296   422    10    97   260   370   312   297   542   391   202   557   150   155   147    74    35   104    62    36   829   192   187   109    73   219    22   204   336   490   784 
    5   363     0   318   223   257   325    22   200   201   981   605   962  1114   219   251    69   151    79   155     3    45    75   220   367   720   782   684   365   218    77    41   617   108    88    82   161   176   106   141    39   264   271   148    66   267   786   219     2   177   709  1198 
  131   520    77     0   423   457   499     2    84     7   136   233   184   370   427   143   273     5    52    26   154    90    11   402   418    11     1   110    53   163    14   156    10   260   252   256   337   372   297   339    18   423   282   220   116   296   133   390   182    49   130   382 
  246   408    28   433     0   502   387    66    47    24   224   155   232   407   512   228   163   107   136   130    40   205   100   505   387    15    47    58    27    57   100   267    53   374   366   371   450   486   410   452    57   311   270   325   206   366   137   490   295   150    37   447 
   78   730   295   178   213     0   709   244   348   275   478   101   496   675   208    81   487   218   180   187   364   120   221   191   124   285   311   204   280   376   224    57   320    51    42    47   127   162    86   128   256   633    12     7   112    66   414   177    29   166   217   707 
  278   874   308   107     5    38     0     1   177   177   708   326   521   603    16   205   468   357   112   367   557   310   428    18    93   271   379   318   282   533   407   218   541   159   165   157    83    44   115    72    61   843   176   192   130    75   238    29   217   334   486   796 
   65   594    54   163   109   130   556     0   179   182   783   450   872  1052    91   299   145    19   236   274   218    53   225   125   254   661   687   579   469   397    95    23   283    93    73    60    99    84    52    60   298   494     3   168   175   237   774   133    21   282   498  1068 
  161   696    47   172   145   157   657   256     0   356   727   435   878  1068   122   379   231   126   131   371   324   154   328   167   275   687   696   585   559   501   201    71   131   168   150   136   157   133   119   116   200   597    49   247    78   295   818   179   112   376   444  1048 
  558    14   632   585   606   596    23   939  1036     0    36   327   118   309   629   355   433   571   828   349   368   559   384   581   480    69    64   174   169   207   500   648   618   567   583   598   585   613   619   627   875    87   811   487   790   449    66   569   612   347   319   285 
  652  1250   878   274   372   337  1238   756   777   694     0     2    54   231   373   526  1072   801   735   687   925   697   755   381   242   152    28    29   653   862   798   642   317   517   531   531   446   421   496   457   791  1163   400   524   679   398   316   386   611   654   104    10 
  270   874   506    91     3    36   860   427   489   407     2     0    67   268     3   153   693   422   384   309   542   315   373     3   140    50   102   203   303   490   415   266   199   135   150   151    66    45   118    80   451   785    99   141   320    16   132     6   232   278   197   234 
  694  1159   967   430   488   463  1159   953  1036   956   162   171     0    75   503   478  1119   856   888   639   914   739   727   479   339    27    96    13   524   775   823   723   729   573   593   600   526   523   582   555   967  1090   650   541   817   415    43   475   678   604   259     2 
  152   547   431    72    25    46   553   445   538   459   349   316   763     0     7    85   565   312   372    66   344   196   158    38   170   573   595   485    82   177   270   192   247    41    62    70     2     6    57    35   454   488   156     3   299   120   604    44   145    31   224   650 
  347   312   141   546   621   606   289   193    85   156   116   258   138   316     0   314    54   214   258   221    60   307   195   590   482    75    47   154   113    34   203   376    77   470   465   471   543   585   513   556   182   214   404   415   326   450    50   574   400   240   149   349 
   51   515   328   175   100   120   505   452   609   555   706   329   550   675   123     0   442   199   340    44   226    88    40    69   117   297   389   317     8   128   148   122   688     2    20    34    35    75    56    73   432   431   361    77   267    53   330    53    73    79   501   814 
  238   173   451   132    32    67   217   161     2    18   793   410   732   866    32    17     0   396   247   156   415   285   250    23   166   481   558   468    39   176   372   238   452   107   123   125    41    18    92    53   225   260   105    89   231    40   520    19   206   124   529   981 
  133   300   160   237   135   171   267    86   270   253   895   512   842   986   137   113    23     0    37    11    90   179    66   125   268   595   665   572   222    90   215   132   608     5    22    24    61    85    10    50    35   198   246    20    67   146   651   121   105    34   634  1086 
  697   159   795   527   601   574   195   876   694   711   122   233   167   339   614   453   581   744     0   490   541   712   541   592   451    57    17   123   291   369   670   782   301   651   672   684   631   636   683   666   910   260   634   582   927   498    43   587   735   480   159   380 
  455   101   224   164   258   230   113    29   145   105   411    29   255   370   240   500   153   359   153     0   386   441   571   287   198     1    97    26   455   476   429   365   325   408   403   390   342   299   351   317    64   188    27   471   215   370    15   300   401   630   194   521 
  698   593   696   304   408   373   623   405   222   234   329    58   210   328   399   550   732   780   524   706     0   734   798   427   300    44    46    33   526   743   835   645   113   569   579   574   493   458   532   489   460   695   252   583   552   455    27   436   641   672    87   472 
  295   295   100    96     9    27   268    74   252   219   745   359   679   824     2    44    42   225    51   117    90     0   166    23   114   433   503   412    88    12   237   244   512   161   176   174    90    60   135    92    37   194   147   142   108    15   491    30   247   104   491   925 
  565   236   385   208   309   277   255   159    21    11   398    12   262   381   295   497   328   517   285   652   559   571     0   334   224     8   100    24   450   567   594   479   256   471   473   463   397   356   420   380   201   331   105   510   339   389    28   345   502   619   168   525 
  110   537   121   260   353   328   516   102   221   153   385     3   375   546   329   107   306    35    25     7   173    67    27     0   238   152   191    87    93   182    36   122   236   243   232   234   318   340   270   306   107   440    87   201    47   245   268   369   155    27   130   597 
  135   484   108   436   395   421   467    71   169    94    86   300    75   254   381   219   289    18     6    78   140    90    23   398     0   133   110   216    36   109    11   136    61   270   255   253   338   354   284   319    83   391   191   259    64   372     6   397   172   106   152   290 
   81   544   358   132    96   115   542   375   478   402   107   313   394   252    77   142   501   242   297    18   293   126   106   111   236     0   522   489    89   157   205   118   269    34    13     4    72    68    18    39   381   472   108    73   224   194   462   117    71    17   152   123 
  170   333    99   442   385   410   329    80   166    86   552   686   784   595   370   371   257     9    16   207    62   125   123   393   534   843     0   859   295    57    38   146   107   295   275   269   345   349   289   316    94   257   218   322    55   450   677   397   190   243   559   543 
  147   390   116   437   375   402   383    87   170    91   436   672   560   370   362   328   282    13    25   163    98   101    84   382   525   695   744     0   224     1    10   129    87   275   256   251   330   337   274   304   102   309   213   295    45   425   510   384   171   198   517   340 
  146   375   391   320   250   268   377   571   738   690   782   428   545   627   273    59   447   257   451    50   199   169    36   218   249   299   414   370     0     1   185   232   836   142   156   171   184   224   199   221   542   311   511    62   384    89   263   202   188    69   611   822 
   73   103   217   403   307   337    99   472   653   625   964   588   769   859   325    50   205    98   346    98    45    66   108   280   367   518   625   566    27     0    18   160   886   152   154   166   222   265   207   245   426    28   529    96   296   194   495   266   136    72   757  1043 
  808   413   745   413   517   482   442   497   314   335   233   154   150   285   511   597   658   874   622   718   804   850   802   533   398   101    23   110   509   649     0   764     6   673   686   683   600   568   644   601   545   515   371   669   661   538    58   540   756   692    18   402 
  750   111   596   470   571   536   140   502   331   370   190   190   163   320   571   510   411   678   621   541   501   744   574   578   432    75    18   116   349   394   651     0    82   690   711   718   638   620   693   655   530   213   447   634   690   529     4   580   791   535    74   397 
  346   316   270   656   583   605   287   528   603   672   467   589   163    43   604   276    53   270   472   183    75   320   171   552   567   256   311   406    77     1   225   414     0   439   441   453   504   548   494   531   469   214   808   374   485   426    78   537   409   199   698    84 
  155   492   104    23   127    93   470   165   317   262   616   230   564   720   114    79   271     1    61    33   126   110    15   148    15   324   384   289   112   149     9   139   444     0   269   256   214   175   231   198   152   394    92   210    14   129   407   157   185    46   366   803 
  454   201   202   301   405   370   178   141    13    40   344    41   298   455   395   347    31   303   246   314   170   411   303   423   286    59   118    22   160   135   308   446   156   555     0   561   490   455   523   483   155   102   200   480   320   394   142   430   491   324    92   536 
  675    15   432   529   634   599    38   378   225   279   120   264    81   239   625   557   257   529   482   525   389   633   517   649   508   156   100   197   369   347   529   677    80   766   785     0   715   685   757   715   392   114   436   689   557   609    70   655   719   534   135   316 
  620    30   381   638   741   707     8   367   232   294     7   377    21   143   725   584   201   472   457   505   336   577   479   761   621   252   204   304   384   319   474   625   159   752   742   743     0   785   772   787   370    68   501   698   531   689   152   768   662   523   247   208 
  167   824   389    82    22    13   802   373   499   433   737   357   731   902    12   211   577   307   293   293   454   208   317    28   118   507   547   444   411   479   313   148   552    42    48    42    30     0     3    38   376   726   213   100   221    91   618    24   118   275   478   953 
  646    16   420   582   685   650     8   398   254   312    73   309    51   214   679   547   236   507   493   498   359   606   486   697   551   182   132   232   353   318   502   664   133   753   759   769   756   736     0   769   405    83   488   676   568   626    86   699   697   510   186   280 
  125   786   343   104     1    36   763   338   471   408   762   381   752   920     6   198   531   261   252   264   412   165   282     5   142   525   569   466   397   448   269   102   558     8     9     1    43    49    41     0   337   687   209    78   179    95   630     3    73   250   501   976 
   47   454   195   103    38    62   416   378   203   198   738   394   806   981    22   199     1   112   350   159    83    64   103    50   186   587   621   514   360   271    33   131   262     1    21    34    16     7    35    21     0   354    40    70   276   151   691    57    83   170   454  1011 
  195   658   211   189    87   120   685    95   275   271   791   409   610   696    99   121   353   268    19   284   471   226   346    64   175   359   465   402   190   446   322   133   626    77    83    75     1    38    32    10    35     0   261   110    40     8   332    53   134   251   568   884 
  349   311   256   568   546   553   282   454   423   505    24   329   118   312   571   243    40   272   445   175    80   325   172   515   459    57    62   172    42     3   230   419   448   431   437   449   486   527   489   520   411   209     0   358   476   376    91   500   413   187   309   284 
  259   332    21   106   201   172   314   117   273   219   500   113   409   553   182   281   166    98     7   219    11   214   177   229   127   162   234   146    91    30   128   206   386   333   317   302   283   240   277   251    99   238    42     0    66   282   227   243   256   238   265   658 
   59   524    79   112    32    61   490   112    62    30   769   406   799   969    21   177   138    71   224   151   134    66   108    39   182   573   615   510   345   284     6   148   389    23    43    56     2     5    55    36   133   422    38    48     0   131   671    44   103   158   491  1016 
  128   451   145   177   237   226   436   191   326   262   379     7   288   441   212   252   300    33    96   113   122    82    51   268   235    46   111    21    59    73     8    96   339   247   226   217   269   244   222   229   185   361    29   277    22     0   132   283   143   142   156   533 
  307   667   588   176   190   178   673   652   773   701   221    33   160   119   212    55   704   462   561   196   474   348   290   169    67   298   192   140    39   298   412   361   611   213   234   246   192   207   242   230   649   609   420   156   486    56     0   158   312   162   198   114 
  186   457    52   316   406   382   437    42   165    97   322    62   303   472   381   191   234    37    38    88    96   142    52   437   305    78   119    17     9   100    39   192   183   320   307   308   393   404   340   372    46   361   140   283   110   328   189     0   228   110    70   527 
  891   227   667   610   713   678   253   572   404   448    45   338     4   159   709   673   493   765   688   691   611   861   711   725   582   236   176   272   507   532   757   905   191   850   870   874   789   764   840   798   596   328   555   798   759   690   159   730     0   690   213   242 
   73   452   319   334   243   270   441   500   671   628   899   519   741   856   262    14   400   185   378   109   169    93    17   214   295   487   582   512    47    71   118   162   830   100   108   122   161   204   158   190   468   366   482    31   313   122   502   199   121     0   686  1007 
  119   514    87   511   408   443   497    48    25   108   623   720   368   163   411   198   289    21    65    49   164    76     6   393   515   412   498   571    37   136    28   141   433   252   240   243   327   357   282   323    12   421   404   230   118   344   226   385   166    78     0   283 
  351   847   615    40   115    86   846   561   618   535   470   250   590   550   126   154   780   512   513   317   588   397   402   113    34   344   443   355   213   461   487   369   220   224   243   247   167   157   223   191   584   776   228   202   446    72   271   111   328   282   244     0 
